Chromosome	Start	Ratio	MedianRatio	CopyNumber	BAF	EstimatedBAF	Genotype	UncertaintyOfGT
1	62920	1.5	1.5	3	0.16999999999999998	0.33	AAB	0
1	143541857	3.0	3.0	6	0.32999999999999996	0.17	AAAAAB	0
1	152801429	3.0	3.0	6	0.32999999999999996	0.17	AAAAAB	0
1	214765853	4.0	4.0	8	0.38	0.12	AAAAAAAB	0
1	214831225	3.0	3.0	6	0.32999999999999996	0.17	AAAAAB	0
1	227907915	5.0	5.0	10	0.4	0.1	AAAAAAAAAB	0
1	228036452	3.0	3.0	6	0.32999999999999996	0.17	AAAAAB	0
2	12784	1.5	1.5	3	0.16999999999999998	0.33	AAB	0
3	20930	1.5	1.5	3	0.16999999999999998	0.33	AAB	0
3	61975298	0.5	0.5	1	0.5	0.0	A	0
3	61978894	1.5	1.5	3	0.16999999999999998	0.33	AAB	0
3	99008104	0.5	0.5	1	0.5	0.0	A	0
3	99015796	1.5	1.5	3	0.16999999999999998	0.33	AAB	0
3	130088081	1.5	1.5	3	0.16999999999999998	0.33	AAB	0
4	68929	2.0	2.0	4	0.0	0.5	AABB	0
5	15532	3.0	3.0	6	0.16999999999999998	0.33	AAAABB	0
5	38166247	3.0	3.0	6	0.32999999999999996	0.17	AAAAAB	0
5	38273358	3.0	3.0	6	0.16999999999999998	0.33	AAAABB	0
5	50151472	2.0	2.0	4	0.0	0.5	AABB	0
6	149661	1.0	1.0	2	0.5	0.0	AA	0
6	8112971	0.5	0.5	1	0.5	0.0	A	0
6	8141036	1.0	1.0	2	0.5	0.0	AA	0
7	43259	2.0	2.0	4	0.0	0.5	AABB	0
7	11242760	1.5	1.5	3	0.16999999999999998	0.33	AAB	0
7	11250659	2.0	2.0	4	0.0	0.5	AABB	0
7	21043055	1.5	1.5	3	0.16999999999999998	0.33	AAB	0
7	21145559	2.0	2.0	4	0.0	0.5	AABB	0
7	155842057	1.0	1.0	2	0.0	0.5	AB	0
7	155862208	2.0	2.0	4	0.0	0.5	AABB	0
8	81254	2.5	2.5	5	0.09999999999999998	0.4	AAABB	0
8	104634592	3.0	3.0	6	0.0	0.5	AAABBB	0
8	121200103	1.5	1.5	3	0.16999999999999998	0.33	AAB	0
8	121228271	2.5	2.5	5	0.09999999999999998	0.4	AAABB	0
9	46587	1.5	1.5	3	0.16999999999999998	0.33	AAB	0
9	98966821	0.5	0.5	1	0.5	0.0	A	0
9	100326474	1.5	1.5	3	0.16999999999999998	0.33	AAB	0
9	100369730	0.5	0.5	1	0.5	0.0	A	0
9	100506482	1.5	1.5	3	0.16999999999999998	0.33	AAB	0
9	103594258	0.5	0.5	1	0.5	0.0	A	0
9	103902411	1.5	1.5	3	0.16999999999999998	0.33	AAB	0
10	45792	2.0	2.0	4	0.0	0.5	AABB	0
10	75777804	3.0	3.0	6	0.16999999999999998	0.33	AAAABB	0
10	77168405	2.0	2.0	4	0.0	0.5	AABB	0
10	125087830	0.5	0.5	1	0.5	0.0	A	0
10	125093360	2.0	2.0	4	0.0	0.5	AABB	0
11	198510	2.5	2.5	5	0.09999999999999998	0.4	AAABB	0
11	81182446	3.0	3.0	6	0.0	0.5	AAABBB	0
11	81548669	2.5	2.5	5	0.09999999999999998	0.4	AAABB	0
12	51460	2.0	2.0	4	0.0	0.5	AABB	0
12	16364098	4.5	4.5	9	0.06	0.44	AAAAABBBB	0
12	16386385	2.0	2.0	4	0.0	0.5	AABB	0
13	18452809	2.0	2.0	4	0.0	0.5	AABB	0
13	37514250	2.0	2.0	4	0.0	0.5	AABB	0
14	18239283	2.0	2.0	4	0.0	0.5	AABB	0
14	24460857	1.0	1.0	2	0.0	0.5	AB	0
14	24474915	2.0	2.0	4	0.0	0.5	AABB	0
14	105752248	5.0	5.0	10	0.5	0.0	AAAAAAAAAA	0
14	106369985	2.0	2.0	4	0.0	0.5	AABB	0
15	19811075	1.5	1.5	3	0.16999999999999998	0.33	AAB	0
15	60486339	0.5	0.5	1	0.5	0.0	A	0
15	63082057	1.5	1.5	3	0.16999999999999998	0.33	AAB	0
16	10777	2.5	2.5	5	0.09999999999999998	0.4	AAABB	0
16	46441986	1.0	1.0	2	0.5	0.0	AA	0
16	79267140	1.0	1.0	2	0.5	0.0	AA	0
17	150733	1.0	1.0	2	0.5	0.0	AA	0
17	22727748	2.0	2.0	4	0.0	0.5	AABB	0
17	74116132	1.5	1.5	3	0.16999999999999998	0.33	AAB	0
17	74253090	2.0	2.0	4	0.0	0.5	AABB	0
18	48133	2.0	2.0	4	0.0	0.5	AABB	0
19	90910	1.5	1.5	3	0.16999999999999998	0.33	AAB	0
20	80664	2.5	2.5	5	0.09999999999999998	0.4	AAABB	0
20	3571552	3.5	3.5	7	0.07	0.43	AAAABBB	0
20	3591678	2.0	2.0	4	0.0	0.5	AABB	0
20	42343840	3.5	3.5	7	0.07	0.43	AAAABBB	0
20	42370693	2.0	2.0	4	0.0	0.5	AABB	0
20	51254274	1.0	1.0	2	0.0	0.5	AB	0
20	51263325	2.0	2.0	4	0.0	0.5	AABB	0
21	12973348	2.0	2.0	4	0.0	0.5	AABB	0
22	16392123	2.0	2.0	4	0.0	0.5	AABB	0
22	22165674	2.5	2.5	5	0.09999999999999998	0.4	AAABB	0
22	22996044	2.0	2.0	4	0.0	0.5	AABB	0
X	251810	1.5	1.5	3	0.16999999999999998	0.33	AAB	0
X	16183616	0.5	0.5	1	0.5	0.0	A	0
X	16203250	1.5	1.5	3	0.16999999999999998	0.33	AAB	0
X	38530755	3.0	3.0	6	0.0	0.5	AAABBB	0
X	38543393	2.0	2.0	4	0.0	0.5	AABB	0
X	104006838	3.5	3.5	7	0.21000000000000002	0.29	AAAAABB	0
X	104050792	2.0	2.0	4	0.0	0.5	AABB	0
